0.244846 0.085725 0.037056 0.632372
0.275985 0.120239 0.052858 0.550917
0.297135 0.138249 0.069837 0.494779
0.279621 0.124612 0.063482 0.532285
0.261930 0.124717 0.055048 0.558305
0.250559 0.140878 0.046530 0.562033
0.254585 0.120778 0.045042 0.579595
0.319026 0.069540 0.030577 0.580857
0.251074 0.073703 0.037522 0.637700
0.275606 0.082638 0.051572 0.590184
0.379408 0.145977 0.070497 0.404117
0.363073 0.165935 0.067732 0.403260
0.288929 0.128440 0.064336 0.518295
0.292437 0.109022 0.084471 0.514069
0.263176 0.081014 0.050418 0.605392
0.242267 0.044911 0.023580 0.689241
0.248308 0.037811 0.020276 0.693604
0.230641 0.040522 0.020654 0.708183
0.212901 0.037333 0.020287 0.729480
0.231839 0.060513 0.031224 0.676424
0.256396 0.095748 0.046731 0.601126
0.255569 0.089260 0.043551 0.611620
0.244786 0.081847 0.038514 0.634854
0.255241 0.075157 0.036222 0.633379
0.233979 0.174625 0.265191 0.326204
0.181203 0.230256 0.328325 0.260216
0.258211 0.136277 0.242266 0.363245
0.300122 0.177844 0.126070 0.395963
0.322284 0.139555 0.106060 0.432102
0.269274 0.187348 0.235803 0.307575
0.395980 0.233515 0.119014 0.251491
0.392251 0.256327 0.103337 0.248085
0.370322 0.325924 0.076861 0.226893
0.274817 0.389535 0.068862 0.266786
0.243968 0.288335 0.175220 0.292477
0.355670 0.191718 0.152572 0.300040
0.311117 0.258530 0.115489 0.314864
0.258619 0.335773 0.175534 0.230074
0.181083 0.482985 0.094881 0.241050
0.270838 0.296520 0.152081 0.280560
0.167908 0.247775 0.151917 0.432401
0.151054 0.168717 0.160107 0.520123
0.117230 0.125964 0.152274 0.604532
0.346774 0.194824 0.131952 0.326450
0.293894 0.226700 0.173526 0.305880
0.268694 0.247903 0.191004 0.292399
0.269420 0.269382 0.184823 0.276374
0.295844 0.220010 0.200611 0.283535
0.226052 0.148204 0.047938 0.577806
0.273581 0.115409 0.042937 0.568072
0.276088 0.078081 0.030264 0.615567
0.299747 0.049427 0.021644 0.629181
0.311615 0.044954 0.020857 0.622575
0.292652 0.044557 0.019629 0.643162
0.219851 0.083971 0.026331 0.669847
0.218698 0.158440 0.034080 0.588782
0.241130 0.144800 0.046802 0.567268
0.261915 0.113129 0.047088 0.577868
0.268261 0.062604 0.031342 0.637793
0.212312 0.028094 0.024056 0.735538
0.198500 0.016238 0.013745 0.771517
0.262887 0.040563 0.030464 0.666086
0.299740 0.040343 0.027722 0.632196
0.303646 0.028714 0.012107 0.655533
0.350709 0.035348 0.010993 0.602951
0.321060 0.053654 0.014963 0.610322
0.307672 0.048758 0.013709 0.629861
0.325378 0.060882 0.023920 0.589819
0.289017 0.070674 0.035021 0.605288
0.234153 0.099671 0.037634 0.628542
0.210232 0.137444 0.043260 0.609064
0.217751 0.149851 0.043883 0.588515
0.267947 0.199645 0.187689 0.344719
0.267497 0.239767 0.140641 0.352095
0.346964 0.137831 0.058929 0.456277
0.322350 0.169909 0.035638 0.472103
0.377440 0.156111 0.030049 0.436400
0.483860 0.138903 0.061314 0.315922
0.540255 0.166298 0.054496 0.238951
0.445422 0.196123 0.106471 0.251984
0.344352 0.238089 0.196893 0.220666
0.255563 0.209849 0.235289 0.299299
0.226891 0.194442 0.239361 0.339306
0.323822 0.145472 0.161666 0.369040
0.320156 0.210484 0.126088 0.343272
0.256403 0.275562 0.195495 0.272539
0.176270 0.464264 0.113520 0.245946
0.255064 0.216125 0.193147 0.335663
0.154684 0.215385 0.168841 0.461091
0.129878 0.116725 0.142527 0.610870
0.110985 0.066233 0.129690 0.693093
0.339926 0.100044 0.152084 0.407945
0.247836 0.152566 0.250007 0.349591
0.266371 0.158328 0.226528 0.348774
0.273576 0.183060 0.230463 0.312901
0.274350 0.222557 0.208774 0.294319
0.255492 0.087829 0.028718 0.627962
0.253779 0.122761 0.034367 0.589092
0.230288 0.059236 0.020269 0.690207
0.224128 0.035792 0.016744 0.723336
0.237502 0.042037 0.019566 0.700896
0.269459 0.037507 0.017441 0.675593
0.276294 0.036281 0.013992 0.673433
0.287121 0.037775 0.014871 0.660233
0.314072 0.029731 0.013080 0.643117
0.312121 0.032106 0.014709 0.641064
0.274602 0.036187 0.015649 0.673562
0.252448 0.050621 0.017592 0.679338
0.253359 0.058440 0.018080 0.670120
0.258350 0.073993 0.034557 0.633100
0.250619 0.047093 0.022375 0.679913
0.228910 0.033595 0.012444 0.725051
0.213701 0.034979 0.012246 0.739074
0.214366 0.036144 0.014140 0.735350
0.196684 0.032798 0.013720 0.756798
0.203011 0.029283 0.013416 0.754290
0.200829 0.021606 0.012520 0.765045
0.221400 0.029817 0.013886 0.734896
0.236808 0.038544 0.016855 0.707794
0.232036 0.061385 0.022738 0.683841
0.227964 0.194216 0.304629 0.273191
0.215342 0.226838 0.226769 0.331052
0.297618 0.172476 0.090187 0.439719
0.366556 0.140608 0.051904 0.440932
0.524121 0.149130 0.041224 0.285525
0.419915 0.189003 0.096145 0.294937
0.530722 0.180796 0.043997 0.244485
0.467298 0.264096 0.027797 0.240809
0.398932 0.365693 0.022264 0.213111
0.297593 0.439818 0.020138 0.242451
0.290831 0.465255 0.021551 0.222363
0.373063 0.378636 0.013501 0.234800
0.312736 0.410007 0.024307 0.252950
0.247729 0.424753 0.113431 0.214087
0.183797 0.483529 0.093733 0.238941
0.221277 0.355260 0.188386 0.235077
0.206177 0.351946 0.110857 0.331020
0.181775 0.226258 0.202187 0.389780
0.141149 0.185648 0.139648 0.533555
0.151940 0.184580 0.122687 0.540793
0.201467 0.184441 0.092766 0.521326
0.277683 0.170615 0.107285 0.444416
0.265938 0.195642 0.181272 0.357148
0.217418 0.214689 0.276555 0.291337
0.219681 0.057927 0.015167 0.707225
0.224246 0.059585 0.015123 0.701045
0.229314 0.057381 0.015768 0.697536
0.226389 0.050990 0.014118 0.708503
0.227545 0.056071 0.016518 0.699866
0.244820 0.050726 0.016672 0.687782
0.233756 0.049570 0.017374 0.699301
0.213144 0.054126 0.017145 0.715586
0.208773 0.054663 0.016845 0.719719
0.202081 0.053543 0.016530 0.727846
0.200298 0.064538 0.016446 0.718719
0.202686 0.065996 0.015750 0.715569
0.207547 0.068437 0.016140 0.707876
0.238885 0.084699 0.030597 0.645819
0.215149 0.073009 0.021218 0.690624
0.215640 0.061675 0.016818 0.705868
0.212312 0.061275 0.016450 0.709963
0.216980 0.061278 0.014884 0.706858
0.214476 0.060682 0.014297 0.710545
0.207023 0.062930 0.014539 0.715508
0.203364 0.064755 0.014617 0.717264
0.205789 0.064584 0.015041 0.714586
0.211545 0.062417 0.015133 0.710905
0.214266 0.062773 0.015899 0.707061
0.193068 0.189272 0.124786 0.492873
0.171845 0.212289 0.091911 0.523956
0.316456 0.140377 0.059682 0.483485
0.356188 0.140698 0.033727 0.469386
0.427717 0.119059 0.030406 0.422818
0.506169 0.133182 0.044369 0.316280
0.501174 0.125228 0.049373 0.324225
0.445133 0.142046 0.052548 0.360274
0.435665 0.172220 0.067393 0.324723
0.343635 0.201778 0.072643 0.381944
0.318685 0.381343 0.049925 0.250047
0.332272 0.306083 0.040912 0.320733
0.373376 0.305793 0.052540 0.268291
0.254001 0.362205 0.115156 0.268637
0.248344 0.335889 0.105163 0.310604
0.236027 0.326975 0.127752 0.309246
0.205241 0.306266 0.112302 0.376192
0.199746 0.270406 0.083289 0.446558
0.141292 0.233613 0.131687 0.493407
0.161536 0.167524 0.103581 0.567359
0.178525 0.179756 0.075342 0.566376
0.182592 0.180253 0.077059 0.560096
0.183910 0.185599 0.097539 0.532952
0.178361 0.194896 0.104029 0.522715
0.269255 0.154759 0.054336 0.521650
0.224015 0.082099 0.030379 0.663507
0.293783 0.057206 0.018062 0.630949
0.218781 0.054132 0.016566 0.710521
0.237673 0.053628 0.023822 0.684877
0.265822 0.077617 0.039447 0.617113
0.307370 0.120775 0.055902 0.515952
0.325812 0.161898 0.058518 0.453771
0.289623 0.146831 0.054072 0.509473
0.262261 0.141476 0.046069 0.550194
0.203464 0.087605 0.026447 0.682484
0.199815 0.075873 0.019988 0.704324
0.223740 0.041625 0.014943 0.719692
0.214177 0.044778 0.039012 0.702034
0.188531 0.066988 0.025965 0.718515
0.212634 0.066247 0.021469 0.699650
0.226789 0.067999 0.025130 0.680082
0.236324 0.061868 0.025689 0.676118
0.229552 0.066491 0.026691 0.677266
0.218321 0.079244 0.029290 0.673145
0.231102 0.093038 0.034069 0.641791
0.235580 0.084461 0.035323 0.644635
0.237946 0.147473 0.048207 0.566374
0.258707 0.197238 0.052096 0.491958
0.194331 0.214145 0.354766 0.236758
0.181162 0.245037 0.221324 0.352477
0.375438 0.249173 0.054995 0.320394
0.424612 0.198400 0.037996 0.338992
0.547168 0.131407 0.039682 0.281743
0.298273 0.176291 0.230287 0.295149
0.293344 0.147597 0.263626 0.295433
0.287021 0.180262 0.263874 0.268843
0.278557 0.202026 0.282854 0.236563
0.263552 0.211781 0.250474 0.274193
0.292840 0.324231 0.150495 0.232435
0.343693 0.349029 0.053007 0.254271
0.296805 0.369715 0.063952 0.269528
0.268656 0.334363 0.145919 0.251062
0.185827 0.464329 0.104728 0.245116
0.185381 0.449194 0.163513 0.201913
0.176908 0.361066 0.203372 0.258653
0.205863 0.326368 0.139213 0.328556
0.164924 0.283946 0.174610 0.376520
0.171647 0.275422 0.177605 0.375326
0.219081 0.246040 0.162960 0.371918
0.212793 0.226510 0.233857 0.326840
0.189760 0.185591 0.329378 0.295272
0.197335 0.215738 0.328428 0.258498
0.282827 0.046736 0.013008 0.657429
0.257797 0.046276 0.012623 0.683305
0.253565 0.046248 0.013054 0.687133
0.252938 0.044061 0.012746 0.690255
0.257870 0.041019 0.013247 0.687864
0.228206 0.042874 0.013643 0.715277
0.198280 0.048182 0.016891 0.736647
0.264622 0.026124 0.012032 0.697222
0.208501 0.033369 0.016117 0.742014
0.230000 0.047576 0.021007 0.701417
0.234254 0.031081 0.017169 0.717497
0.196295 0.027373 0.016153 0.760178
0.217961 0.022273 0.013378 0.746387
0.310874 0.024675 0.012862 0.651589
0.255342 0.060675 0.017625 0.666358
0.345140 0.062232 0.015029 0.577599
0.336633 0.062989 0.015122 0.585256
0.303991 0.033357 0.013700 0.648951
0.308832 0.041851 0.018141 0.631176
0.295178 0.055709 0.021117 0.627996
0.226903 0.094311 0.030012 0.648774
0.201864 0.125743 0.032128 0.640264
0.232305 0.067897 0.022219 0.677579
0.279721 0.059034 0.015730 0.645515
0.200678 0.196336 0.080535 0.522451
0.187759 0.205818 0.072758 0.533666
0.375385 0.217798 0.048275 0.358542
0.379818 0.288441 0.023287 0.308454
0.505776 0.274445 0.020182 0.199597
0.520183 0.220194 0.020087 0.239536
0.599068 0.169056 0.030843 0.201033
0.526475 0.218815 0.037270 0.217440
0.305979 0.369884 0.082548 0.241589
0.347547 0.225956 0.064627 0.361870
0.270878 0.347037 0.073474 0.308611
0.288250 0.330935 0.098241 0.282574
0.311949 0.311991 0.107653 0.268407
0.217194 0.278459 0.134711 0.369636
0.208123 0.362474 0.127479 0.301925
0.216638 0.407944 0.144010 0.231408
0.147620 0.364352 0.185847 0.302181
0.171739 0.277594 0.138217 0.412450
0.108395 0.240305 0.209207 0.442093
0.134710 0.163477 0.172600 0.529212
0.185874 0.169885 0.126297 0.517944
0.179597 0.201531 0.105310 0.513562
0.155248 0.219254 0.131449 0.494048
0.175197 0.211964 0.111535 0.501304
0.259571 0.026745 0.015963 0.697721
0.267098 0.028770 0.015083 0.689049
0.275869 0.025570 0.013578 0.684983
0.273713 0.023994 0.010993 0.691299
0.263285 0.025798 0.011008 0.699909
0.268930 0.030915 0.013684 0.686470
0.232959 0.036485 0.015344 0.715212
0.264007 0.038445 0.012506 0.685042
0.237995 0.042503 0.013645 0.705857
0.277222 0.031105 0.011147 0.680525
0.266424 0.029915 0.011193 0.692467
0.277974 0.028372 0.011157 0.682497
0.272841 0.025371 0.010845 0.690942
0.268461 0.033612 0.018715 0.679212
0.299658 0.035794 0.018998 0.645550
0.266722 0.025222 0.012885 0.695171
0.272709 0.026593 0.014353 0.686345
0.270744 0.026110 0.014785 0.688360
0.267679 0.026054 0.015728 0.690540
0.263148 0.024720 0.015934 0.696199
0.256390 0.023735 0.016400 0.703475
0.251943 0.023956 0.016835 0.707265
0.260053 0.027439 0.017293 0.695216
0.258797 0.028755 0.017379 0.695069
0.177523 0.225755 0.217791 0.378930
0.140310 0.286436 0.127603 0.445650
0.299040 0.189693 0.085684 0.425583
0.358683 0.185649 0.043400 0.412268
0.535998 0.181866 0.020487 0.261649
0.511512 0.245441 0.032589 0.210457
0.547895 0.252539 0.025804 0.173762
0.405714 0.368599 0.024135 0.201551
0.361746 0.446181 0.025234 0.166840
0.266800 0.509812 0.025847 0.197540
0.276160 0.510838 0.041772 0.171230
0.285147 0.430793 0.031432 0.252629
0.328430 0.392434 0.046246 0.232890
0.252817 0.409478 0.099656 0.238048
0.204841 0.453487 0.105521 0.236151
0.232854 0.376115 0.152207 0.238823
0.180974 0.266837 0.220868 0.331320
0.171241 0.253291 0.150645 0.424823
0.139567 0.258750 0.167893 0.433789
0.180721 0.176654 0.127768 0.514856
0.145711 0.182148 0.130187 0.541955
0.160616 0.284165 0.083904 0.471314
0.157002 0.274360 0.152571 0.416067
0.143783 0.248546 0.213449 0.394222
0.294841 0.069573 0.083331 0.552255
0.295409 0.070300 0.078607 0.555684
0.337530 0.077038 0.076821 0.508611
0.341065 0.089706 0.082219 0.487010
0.291705 0.142714 0.169653 0.395927
0.328491 0.162492 0.108069 0.400948
0.320501 0.121447 0.093320 0.464732
0.291139 0.136409 0.087667 0.484785
0.218302 0.200726 0.092262 0.488710
0.185908 0.124062 0.053154 0.636876
0.216784 0.034838 0.017942 0.730436
0.256052 0.023620 0.011058 0.709270
0.253504 0.024474 0.010460 0.711562
0.264612 0.039431 0.034276 0.661681
0.302286 0.040073 0.020406 0.637235
0.298127 0.032978 0.013784 0.655111
0.282379 0.038861 0.022649 0.656111
0.276294 0.045802 0.037115 0.640790
0.297571 0.060784 0.061875 0.579769
0.293695 0.068821 0.086603 0.550882
0.271075 0.071546 0.113339 0.544041
0.260733 0.071393 0.123427 0.544447
0.267232 0.068279 0.112609 0.551880
0.285906 0.068365 0.098065 0.547664
0.136231 0.215899 0.463283 0.184587
0.173671 0.231321 0.259739 0.335268
0.228157 0.191965 0.221730 0.358148
0.281069 0.172264 0.163161 0.383506
0.329179 0.180194 0.235184 0.255443
0.181545 0.231934 0.392583 0.193939
0.193172 0.225381 0.377425 0.204022
0.229950 0.354670 0.234854 0.180526
0.221632 0.430959 0.137339 0.210070
0.301478 0.350663 0.068165 0.279694
0.255005 0.480328 0.053289 0.211378
0.378519 0.375918 0.031173 0.214391
0.343991 0.359222 0.048975 0.247812
0.277762 0.406007 0.097727 0.218503
0.200158 0.487593 0.108608 0.203641
0.286259 0.366450 0.145310 0.201981
0.232105 0.216020 0.285922 0.265953
0.197645 0.250881 0.349428 0.202046
0.131127 0.238083 0.414013 0.216776
0.164414 0.272866 0.308670 0.254049
0.175791 0.268899 0.303310 0.252000
0.182213 0.240380 0.323549 0.253858
0.165056 0.236102 0.364802 0.234039
0.137134 0.247618 0.429509 0.185739
0.218319 0.107153 0.028535 0.645993
0.219055 0.090706 0.027681 0.662558
0.253474 0.042687 0.016957 0.686882
0.225521 0.037412 0.014822 0.722245
0.215405 0.036810 0.012617 0.735168
0.221966 0.037591 0.013315 0.727129
0.255097 0.029474 0.012737 0.702692
0.200251 0.029667 0.015829 0.754253
0.216229 0.027071 0.016391 0.740308
0.204136 0.047068 0.025206 0.723590
0.180070 0.052974 0.022109 0.744847
0.173146 0.040070 0.019131 0.767653
0.220482 0.035168 0.019835 0.724515
0.293750 0.070217 0.038099 0.597934
0.272513 0.098061 0.034579 0.594848
0.206748 0.083798 0.030580 0.678873
0.257126 0.066693 0.025286 0.650895
0.239240 0.069788 0.027855 0.663117
0.228532 0.067648 0.025964 0.677857
0.225124 0.083780 0.030207 0.660889
0.222268 0.088532 0.031359 0.657842
0.222432 0.075350 0.027372 0.674846
0.229229 0.053389 0.024853 0.692529
0.221215 0.046993 0.020088 0.711704
0.214175 0.269025 0.190402 0.326397
0.232836 0.299069 0.121755 0.346340
0.388526 0.281249 0.045854 0.284370
0.448950 0.273106 0.025167 0.252776
0.553147 0.212104 0.022697 0.212053
0.543430 0.175165 0.025251 0.256153
0.613333 0.165766 0.026386 0.194515
0.511464 0.226741 0.030051 0.231744
0.366597 0.336346 0.064985 0.232072
0.333255 0.267403 0.096295 0.303046
0.296267 0.368756 0.101703 0.233274
0.311252 0.380079 0.057151 0.251519
0.226777 0.443335 0.107294 0.222594
0.263377 0.304921 0.188195 0.243507
0.164019 0.405494 0.233814 0.196672
0.179885 0.390188 0.247029 0.182898
0.153055 0.331225 0.298752 0.216968
0.200775 0.385489 0.158756 0.254980
0.155528 0.282250 0.233706 0.328516
0.170888 0.275434 0.177144 0.376534
0.224879 0.243830 0.135720 0.395571
0.228650 0.251496 0.141975 0.377879
0.192297 0.248201 0.214007 0.345494
0.198674 0.291405 0.191408 0.318512
0.247763 0.087450 0.035287 0.629501
0.233367 0.080590 0.031716 0.654326
0.219610 0.089235 0.031427 0.659728
0.209848 0.092285 0.030760 0.667107
0.229406 0.092463 0.030101 0.648030
0.264034 0.105320 0.030540 0.600106
0.271165 0.065606 0.029219 0.634010
0.225900 0.088452 0.031540 0.654108
0.231277 0.093682 0.035745 0.639296
0.254051 0.080130 0.030874 0.634944
0.259070 0.070809 0.026880 0.643241
0.323258 0.064483 0.024969 0.587290
0.287867 0.094967 0.034945 0.582221
0.284983 0.170961 0.047337 0.496719
0.317710 0.182058 0.040428 0.459804
0.279517 0.070766 0.034065 0.615652
0.271297 0.107175 0.049538 0.571989
0.274498 0.122528 0.051026 0.551947
0.254477 0.139047 0.049889 0.556587
0.255523 0.138009 0.052470 0.553998
0.259665 0.121266 0.049932 0.569137
0.238445 0.116556 0.047561 0.597438
0.238787 0.114620 0.045579 0.601014
0.234423 0.091630 0.041639 0.632307
0.186629 0.269231 0.293781 0.250360
0.231219 0.273603 0.184995 0.310182
0.315269 0.176632 0.179925 0.328175
0.432623 0.152408 0.097855 0.317115
0.443953 0.141396 0.106517 0.308134
0.254125 0.178497 0.289238 0.278141
0.343479 0.157706 0.228421 0.270394
0.329479 0.213182 0.206620 0.250719
0.311109 0.321204 0.125090 0.242597
0.295973 0.294743 0.086129 0.323154
0.221552 0.506032 0.052223 0.220194
0.253636 0.469367 0.056791 0.220205
0.191746 0.483998 0.115767 0.208489
0.179782 0.355077 0.273969 0.191172
0.167422 0.518309 0.111576 0.202693
0.146501 0.377419 0.316858 0.159222
0.102693 0.210052 0.556736 0.130519
0.155064 0.256080 0.410775 0.178080
0.127833 0.222773 0.420343 0.229052
0.173636 0.263737 0.301800 0.260827
0.189572 0.263130 0.283055 0.264242
0.205142 0.253659 0.296723 0.244476
0.176169 0.244933 0.345512 0.233386
0.189949 0.301306 0.278804 0.229941
0.211153 0.063445 0.020950 0.704452
0.214957 0.086700 0.025827 0.672516
0.219869 0.080501 0.027813 0.671816
0.220055 0.067851 0.032904 0.679189
0.221653 0.061130 0.033381 0.683836
0.250414 0.055030 0.030814 0.663742
0.220796 0.053434 0.020672 0.705097
0.183232 0.041542 0.016579 0.758646
0.212702 0.046600 0.015835 0.724864
0.301627 0.050302 0.018325 0.629746
0.324550 0.058437 0.016367 0.600646
0.252227 0.056033 0.019237 0.672503
0.289223 0.052035 0.017883 0.640858
0.275820 0.071092 0.034255 0.618833
0.255926 0.049980 0.021632 0.672463
0.213374 0.041935 0.014826 0.729865
0.188138 0.047506 0.014381 0.749975
0.184361 0.067524 0.016191 0.731924
0.184790 0.047026 0.014703 0.753481
0.176878 0.060624 0.014244 0.748254
0.176348 0.091075 0.017116 0.715461
0.192920 0.066223 0.020739 0.720117
0.212604 0.050566 0.019248 0.717581
0.198784 0.057895 0.020661 0.722660
0.188102 0.182162 0.243299 0.386437
0.201715 0.211013 0.109386 0.477885
0.279623 0.144037 0.098757 0.477583
0.310555 0.093192 0.061585 0.534668
0.390791 0.087711 0.059593 0.461905
0.306799 0.164926 0.144056 0.384220
0.424960 0.103144 0.078793 0.393102
0.450258 0.150176 0.067933 0.331632
0.370474 0.336519 0.059712 0.233294
0.270592 0.413758 0.036492 0.279158
0.219953 0.552510 0.029792 0.197745
0.283181 0.481101 0.021577 0.214141
0.276451 0.404054 0.043705 0.275789
0.232489 0.384375 0.159404 0.223732
0.177049 0.401851 0.195439 0.225660
0.199718 0.350314 0.236386 0.213582
0.176401 0.256517 0.297549 0.269533
0.222760 0.286268 0.129017 0.361955
0.138289 0.224341 0.202792 0.434578
0.175995 0.235610 0.153222 0.435173
0.203686 0.237377 0.133835 0.425102
0.217806 0.214795 0.143349 0.424050
0.204183 0.211614 0.218093 0.366110
0.172159 0.239439 0.253162 0.335241
0.343735 0.042701 0.011592 0.601972
0.273877 0.025301 0.011524 0.689298
0.237808 0.012451 0.009037 0.740704
0.216234 0.028053 0.013732 0.741981
0.227575 0.056414 0.015067 0.700944
0.232732 0.057017 0.015647 0.694603
0.223693 0.055179 0.014187 0.706942
0.200833 0.049382 0.013843 0.735942
0.244703 0.050362 0.014382 0.690553
0.251981 0.045135 0.012422 0.690463
0.241392 0.040121 0.013071 0.705416
0.225757 0.046393 0.014040 0.713810
0.213648 0.025966 0.012667 0.747719
0.255552 0.032136 0.014981 0.697331
0.183568 0.019656 0.011649 0.785127
0.222438 0.019624 0.007347 0.750591
0.203382 0.014798 0.008397 0.773423
0.220998 0.014734 0.009552 0.754716
0.225372 0.029612 0.012184 0.732831
0.270114 0.023745 0.009248 0.696894
0.297086 0.031821 0.009383 0.661711
0.305157 0.041927 0.010150 0.642766
0.248545 0.041207 0.014184 0.696065
0.250664 0.046465 0.013840 0.689031
0.208109 0.193945 0.107712 0.490233
0.259905 0.256268 0.068499 0.415328
0.313611 0.154655 0.066620 0.465114
0.386099 0.131181 0.035216 0.447503
0.528911 0.101119 0.023530 0.346440
0.552251 0.109961 0.037537 0.300251
0.596849 0.102299 0.042357 0.258494
0.536755 0.128857 0.038003 0.296385
0.477429 0.180643 0.051214 0.290714
0.435431 0.198684 0.031010 0.334876
0.291952 0.443487 0.021554 0.243007
0.322408 0.399072 0.023164 0.255356
0.296527 0.407068 0.042235 0.254169
0.240180 0.409750 0.113312 0.236758
0.175936 0.487634 0.060820 0.275611
0.191909 0.444595 0.077278 0.286218
0.184486 0.340548 0.119355 0.355611
0.162943 0.283682 0.088132 0.465242
0.138527 0.234519 0.145353 0.481601
0.163031 0.174139 0.156695 0.506135
0.185911 0.129276 0.092928 0.591885
0.220325 0.147855 0.094654 0.537165
0.193378 0.155801 0.162486 0.488335
0.165066 0.237903 0.149133 0.447897
0.208503 0.064385 0.019760 0.707351
0.213146 0.062318 0.019464 0.705072
0.212046 0.061804 0.019203 0.706948
0.212141 0.060055 0.019060 0.708744
0.213668 0.058074 0.019036 0.709221
0.216471 0.055670 0.019194 0.708665
0.218472 0.052901 0.019067 0.709560
0.218843 0.051143 0.018542 0.711472
0.218316 0.052228 0.018083 0.711373
0.217844 0.054074 0.017720 0.710361
0.223706 0.053051 0.017353 0.705890
0.220260 0.054386 0.016756 0.708598
0.217933 0.058833 0.017330 0.705903
0.243540 0.086867 0.040785 0.628807
0.225542 0.067864 0.022502 0.684092
0.220226 0.055023 0.017459 0.707292
0.218711 0.055595 0.017709 0.707985
0.219607 0.057739 0.017944 0.704710
0.220004 0.057815 0.018308 0.703873
0.217298 0.059618 0.018714 0.704370
0.218378 0.058931 0.018816 0.703874
0.217241 0.059063 0.018855 0.704841
0.213648 0.062163 0.019567 0.704623
0.214567 0.060928 0.019752 0.704753
0.284833 0.236799 0.062688 0.415680
0.281728 0.238360 0.059376 0.420536
0.310247 0.189974 0.058225 0.441554
0.341414 0.216404 0.043583 0.398599
0.421248 0.219921 0.032968 0.325863
0.502330 0.247408 0.030963 0.219299
0.511415 0.214166 0.040411 0.234008
0.459241 0.283972 0.032046 0.224741
0.427963 0.298469 0.036019 0.237548
0.383033 0.331228 0.034469 0.251271
0.381312 0.396981 0.030116 0.191590
0.372315 0.387706 0.027640 0.212339
0.408722 0.327868 0.038028 0.225382
0.321665 0.376598 0.080801 0.220936
0.302509 0.382039 0.072273 0.243178
0.276389 0.407366 0.073122 0.243123
0.270896 0.346514 0.072932 0.309658
0.277903 0.255636 0.068099 0.398362
0.213007 0.217651 0.095056 0.474286
0.232529 0.195763 0.075061 0.496648
0.253747 0.215227 0.062812 0.468214
0.250836 0.228335 0.064835 0.455994
0.254968 0.229992 0.067284 0.447757
0.275113 0.198943 0.064530 0.461414
0.244042 0.151092 0.043242 0.561624
0.238377 0.130596 0.042030 0.588997
0.216839 0.104523 0.033060 0.645577
0.203898 0.085766 0.026172 0.684164
0.201820 0.088876 0.022860 0.686444
0.205613 0.077113 0.019691 0.697583
0.195481 0.075379 0.018748 0.710392
0.199267 0.071390 0.017545 0.711798
0.206804 0.065641 0.017518 0.710037
0.210025 0.061174 0.017009 0.711792
0.212326 0.058947 0.016935 0.711792
0.213224 0.060016 0.017214 0.709547
0.214901 0.061053 0.017749 0.706297
0.232892 0.093562 0.044178 0.629367
0.216146 0.083050 0.024399 0.676405
0.213777 0.065856 0.017337 0.703030
0.214045 0.066602 0.017144 0.702209
0.211184 0.068872 0.017094 0.702850
0.211015 0.065721 0.017007 0.706257
0.213325 0.065429 0.017543 0.703702
0.220619 0.062515 0.018028 0.698839
0.212836 0.066652 0.019816 0.700696
0.209506 0.073080 0.022700 0.694714
0.208235 0.094620 0.028438 0.668707
0.199270 0.222869 0.319842 0.258019
0.167099 0.194929 0.270757 0.367215
0.262480 0.115699 0.150244 0.471578
0.317807 0.119563 0.074055 0.488575
0.340214 0.124434 0.075389 0.459963
0.323032 0.172167 0.160782 0.344020
0.370779 0.137011 0.138375 0.353834
0.408003 0.166428 0.108437 0.317133
0.354879 0.241263 0.101324 0.302533
0.319780 0.296764 0.070634 0.312822
0.286036 0.456541 0.048124 0.209298
0.334834 0.330637 0.038766 0.295763
0.338052 0.305018 0.067529 0.289401
0.268004 0.378639 0.113904 0.239453
0.234658 0.418433 0.075428 0.271482
0.242565 0.385709 0.091402 0.280324
0.220171 0.325585 0.115366 0.338878
0.211026 0.281995 0.106563 0.400416
0.135648 0.219306 0.174036 0.471011
0.166993 0.183922 0.128990 0.520096
0.200733 0.181358 0.090086 0.527823
0.222811 0.183972 0.103631 0.489586
0.220484 0.197937 0.166446 0.415132
0.202340 0.207519 0.247648 0.342493
0.021247 0.045648 0.836796 0.096309
0.022515 0.047828 0.829768 0.099889
0.022410 0.047981 0.829969 0.099640
0.022422 0.047941 0.830141 0.099495
0.022362 0.047788 0.830979 0.098872
0.022416 0.048103 0.830107 0.099374
0.022374 0.047924 0.830532 0.099169
0.022419 0.047957 0.830231 0.099393
0.022356 0.047866 0.830595 0.099183
0.022391 0.047917 0.830234 0.099458
0.022397 0.048062 0.830502 0.099038
0.022446 0.048017 0.829863 0.099674
0.022291 0.047596 0.831358 0.098755
0.022355 0.047886 0.830520 0.099239
0.022275 0.047886 0.830735 0.099105
0.021470 0.046766 0.835822 0.095943
0.020807 0.045618 0.839799 0.093777
0.020259 0.044015 0.843388 0.092338
0.020252 0.043992 0.843585 0.092171
0.020292 0.044348 0.842881 0.092478
0.020166 0.043826 0.844280 0.091728
0.020172 0.044054 0.843586 0.092187
0.019726 0.043142 0.846198 0.090934
0.019489 0.042354 0.847890 0.090267
0.020816 0.043875 0.841424 0.093886
0.021328 0.041410 0.840164 0.097097
0.021504 0.045020 0.837182 0.096295
0.020971 0.044374 0.840851 0.093803
0.021595 0.046057 0.835376 0.096972
0.022255 0.047570 0.831505 0.098670
0.022250 0.047533 0.831755 0.098462
0.022290 0.047731 0.831177 0.098802
0.022663 0.047926 0.828935 0.100476
0.022016 0.047238 0.832856 0.097890
0.021967 0.046500 0.833894 0.097639
0.022300 0.047279 0.831815 0.098605
0.022182 0.047005 0.831609 0.099204
0.021905 0.048734 0.831557 0.097803
0.021923 0.046989 0.833475 0.097613
0.021018 0.045244 0.839335 0.094403
0.020456 0.044486 0.841841 0.093217
0.020411 0.044394 0.842491 0.092704
0.020351 0.044478 0.842152 0.093019
0.020224 0.044087 0.843033 0.092656
0.020214 0.043694 0.844499 0.091593
0.020009 0.043369 0.845147 0.091475
0.019369 0.041767 0.849795 0.089069
0.019054 0.041306 0.851001 0.088639
0.349069 0.164896 0.073361 0.412674
0.278389 0.261549 0.051474 0.408588
0.255948 0.160435 0.049323 0.534293
0.320001 0.118620 0.036375 0.525004
0.316566 0.135236 0.032560 0.515639
0.280934 0.125058 0.040770 0.553238
0.281269 0.099272 0.052108 0.567352
0.308059 0.094867 0.064266 0.532809
0.323431 0.089943 0.063024 0.523603
0.313599 0.086255 0.047561 0.552586
0.305668 0.080282 0.041013 0.573037
0.274088 0.063205 0.034149 0.628559
0.266973 0.057829 0.029095 0.646103
0.286983 0.079726 0.040038 0.593252
0.255127 0.062443 0.030946 0.651484
0.235307 0.039366 0.017106 0.708222
0.234103 0.031197 0.012403 0.722297
0.235577 0.026693 0.011018 0.726711
0.222940 0.028873 0.011745 0.736441
0.223781 0.029802 0.011247 0.735170
0.235269 0.035574 0.012596 0.716561
0.244924 0.033060 0.012290 0.709727
0.241637 0.048318 0.014368 0.695677
0.254687 0.049036 0.015059 0.681218
0.210149 0.326947 0.313098 0.149806
0.240021 0.310585 0.250101 0.199293
0.257149 0.244798 0.301824 0.196229
0.451908 0.340189 0.027326 0.180577
0.408915 0.363825 0.023955 0.203305
0.374218 0.323985 0.068364 0.233433
0.336444 0.231311 0.217481 0.214764
0.205918 0.256228 0.360794 0.177060
0.204756 0.290771 0.324233 0.180240
0.187900 0.267215 0.341016 0.203870
0.211037 0.340791 0.260595 0.187577
0.230877 0.335412 0.206528 0.227184
0.217206 0.413285 0.166527 0.202981
0.227268 0.307765 0.233080 0.231887
0.161001 0.376325 0.268181 0.194494
0.157694 0.297695 0.356692 0.187920
0.125149 0.352530 0.288297 0.234023
0.199135 0.297815 0.154782 0.348267
0.158803 0.180315 0.204751 0.456131
0.200754 0.162576 0.137034 0.499636
0.240284 0.137369 0.077854 0.544493
0.222399 0.141181 0.060125 0.576296
0.214781 0.190995 0.072381 0.521843
0.261894 0.182980 0.050296 0.504830
0.227797 0.122179 0.308899 0.341125
0.197572 0.141077 0.365890 0.295460
0.126450 0.115748 0.536897 0.220906
0.111222 0.105851 0.578957 0.203970
0.189392 0.138762 0.382979 0.288867
0.229663 0.127652 0.322939 0.319746
0.206627 0.090543 0.275582 0.427248
0.254673 0.094481 0.211044 0.439802
0.318134 0.092008 0.133675 0.456183
0.341815 0.091194 0.072630 0.494361
0.254045 0.109668 0.042195 0.594092
0.249324 0.164041 0.030692 0.555944
0.284053 0.128650 0.025675 0.561622
0.323156 0.135761 0.057260 0.483822
0.314921 0.141138 0.058664 0.485277
0.255231 0.069443 0.021830 0.653496
0.263519 0.060084 0.030072 0.646324
0.323980 0.073337 0.041155 0.561528
0.353235 0.079554 0.055417 0.511793
0.344806 0.094943 0.073458 0.486793
0.358016 0.092786 0.089956 0.459243
0.344347 0.097129 0.106386 0.452137
0.293316 0.127265 0.232490 0.346928
0.226559 0.153070 0.337384 0.282987
0.069865 0.206431 0.618838 0.104866
0.071545 0.139158 0.672099 0.117198
0.075855 0.061160 0.761861 0.101124
0.095572 0.095157 0.690890 0.118381
0.100458 0.165624 0.601917 0.132001
0.097259 0.148474 0.617488 0.136780
0.125697 0.177198 0.542338 0.154767
0.164344 0.252845 0.421289 0.161522
0.187786 0.353213 0.286530 0.172471
0.185258 0.421734 0.172439 0.220569
0.146889 0.593530 0.065010 0.194571
0.150672 0.660329 0.027422 0.161577
0.141983 0.701113 0.014787 0.142116
0.178791 0.534807 0.106654 0.179747
0.174586 0.522200 0.135623 0.167591
0.168501 0.422341 0.262850 0.146308
0.103239 0.360725 0.431458 0.104577
0.098239 0.314514 0.475095 0.112152
0.070556 0.246517 0.593683 0.089244
0.087215 0.262490 0.536152 0.114142
0.100828 0.219895 0.535038 0.144239
0.096145 0.203139 0.561412 0.139304
0.067611 0.174060 0.650996 0.107333
0.065878 0.198126 0.635194 0.100801
0.239690 0.121524 0.267690 0.371095
0.280188 0.105911 0.214590 0.399311
0.232025 0.116438 0.326334 0.325203
0.196215 0.125161 0.386156 0.292469
0.142926 0.119439 0.500115 0.237520
0.213876 0.129797 0.358193 0.298134
0.224182 0.116465 0.314799 0.344553
0.306441 0.105495 0.159075 0.428989
0.405194 0.105793 0.093715 0.395298
0.374723 0.124436 0.049767 0.451074
0.242953 0.109657 0.026355 0.621035
0.221611 0.220592 0.042217 0.515579
0.221785 0.228431 0.042931 0.506854
0.277461 0.201368 0.060526 0.460645
0.334971 0.196917 0.047067 0.421045
0.287360 0.090589 0.023694 0.598356
0.310241 0.089264 0.037553 0.562941
0.343335 0.103549 0.049532 0.503585
0.376761 0.116754 0.065653 0.440832
0.390388 0.105365 0.077060 0.427188
0.364170 0.106335 0.097214 0.432282
0.284906 0.124274 0.185378 0.405443
0.218446 0.137640 0.323293 0.320621
0.213760 0.138952 0.361729 0.285558
0.084824 0.213777 0.590715 0.110685
0.104339 0.192482 0.555633 0.147546
0.134874 0.116867 0.583742 0.164516
0.148567 0.131949 0.552744 0.166740
0.125778 0.193552 0.527380 0.153291
0.101882 0.150578 0.613650 0.133889
0.129461 0.180295 0.535173 0.155071
0.168612 0.246921 0.424791 0.159676
0.181600 0.330328 0.324885 0.163187
0.187276 0.395721 0.208713 0.208291
0.162130 0.537761 0.096125 0.203984
0.189671 0.576139 0.051565 0.182625
0.186148 0.613354 0.033274 0.167224
0.182807 0.491704 0.156845 0.168644
0.151132 0.525841 0.166869 0.156158
0.140943 0.448747 0.277639 0.132672
0.100718 0.344822 0.451785 0.102675
0.096645 0.297500 0.497936 0.107919
0.069802 0.234510 0.607677 0.088012
0.076813 0.244717 0.586747 0.091724
0.081332 0.202339 0.604309 0.112020
0.075266 0.179466 0.643073 0.102195
0.058262 0.161026 0.686885 0.093826
0.066063 0.189397 0.640663 0.103877
0.238858 0.053444 0.012268 0.695430
0.272321 0.049641 0.011962 0.666075
0.255973 0.042566 0.012460 0.689001
0.249829 0.045866 0.013370 0.690935
0.241803 0.046618 0.012930 0.698650
0.226648 0.044065 0.011978 0.717308
0.290322 0.039091 0.010862 0.659726
0.280762 0.024826 0.011437 0.682975
0.251573 0.022494 0.011698 0.714235
0.251359 0.024603 0.016329 0.707709
0.231132 0.030281 0.019600 0.718987
0.218725 0.022301 0.019684 0.739290
0.223498 0.022364 0.017909 0.736229
0.353918 0.028940 0.012289 0.604853
0.265849 0.036563 0.017415 0.680173
0.233495 0.027948 0.012836 0.725721
0.265153 0.032032 0.014589 0.688226
0.240756 0.040075 0.013892 0.705277
0.272531 0.037789 0.019509 0.670171
0.234840 0.039034 0.023655 0.702472
0.216709 0.024298 0.020950 0.738044
0.231953 0.021344 0.018502 0.728200
0.273384 0.034559 0.016260 0.675796
0.265078 0.043243 0.014314 0.677364
0.264742 0.124881 0.071658 0.538719
0.257847 0.111023 0.055348 0.575782
0.421406 0.091777 0.036279 0.450538
0.336256 0.120009 0.021241 0.522494
0.448659 0.138378 0.027015 0.385948
0.584411 0.115284 0.038490 0.261815
0.590297 0.117868 0.044785 0.247050
0.491439 0.145213 0.080152 0.283196
0.325479 0.276090 0.131810 0.266621
0.333282 0.149895 0.104810 0.412012
0.274781 0.269851 0.106739 0.348628
0.338720 0.153478 0.123225 0.384577
0.400653 0.250262 0.095494 0.253591
0.242419 0.305882 0.113691 0.338008
0.228087 0.301080 0.165118 0.305715
0.239093 0.209391 0.205927 0.345589
0.147053 0.275991 0.145361 0.431595
0.172922 0.142118 0.096550 0.588410
0.149518 0.137711 0.127658 0.585113
0.208307 0.134328 0.215817 0.441548
0.301134 0.123365 0.159134 0.416366
0.369402 0.171455 0.095482 0.363662
0.299913 0.176623 0.125301 0.398163
0.267442 0.188412 0.093982 0.450164
