0.667549 0.194802 0.100529 0.037120
0.273342 0.401615 0.205479 0.119565
0.213420 0.489019 0.200221 0.097339
0.445415 0.399470 0.131840 0.023275
0.320824 0.433646 0.181947 0.063583
0.089694 0.610284 0.254708 0.045314
0.151962 0.559330 0.229481 0.059226
0.236989 0.442881 0.217035 0.103095
0.372210 0.340840 0.178103 0.108847
0.118001 0.183602 0.124557 0.573840
0.171500 0.444215 0.209947 0.174338
0.126918 0.466884 0.231673 0.174525
0.547902 0.331806 0.100277 0.020014
0.395557 0.432730 0.145502 0.026212
0.997647 0.001071 0.000844 0.000438
0.302643 0.288818 0.216831 0.191708
0.169136 0.144593 0.091601 0.594670
0.116710 0.071396 0.053726 0.758168
0.092765 0.585595 0.271851 0.049789
